BS208D.jpg
139.40 	 188.69 	 215.85 	 213.31 	 143.27 	 286.10 	 229.44
BS208E.jpg
135.73 	 190.97 	 219.31 	 215.27 	 144.57 	 283.60 	 228.69
BS209D.jpg
141.54 	 199.56 	 223.90 	 224.26 	 163.21 	 295.83 	 228.09
BS209E.jpg
141.79 	 201.86 	 219.17 	 220.74 	 151.97 	 294.40 	 219.86
BS214D.jpg
150.19 	 201.55 	 224.72 	 213.42 	 143.66 	 305.84 	 222.66
BS214E.jpg
150.97 	 202.31 	 219.47 	 216.62 	 138.36 	 296.13 	 220.88
BS217D.jpg
154.31 	 220.33 	 250.39 	 215.96 	 169.45 	 306.87 	 247.78
BS217E.jpg
162.54 	 229.89 	 257.38 	 231.14 	 176.92 	 307.32 	 242.91
BS218D.jpg
145.87 	 213.80 	 229.52 	 210.13 	 149.44 	 257.37 	 225.96
BS218E.jpg
135.46 	 214.81 	 229.18 	 208.67 	 146.43 	 274.27 	 217.72
BS221D.jpg
174.26 	 229.40 	 243.76 	 248.54 	 180.36 	 307.65 	 259.62
BS221E.jpg
188.27 	 234.19 	 241.15 	 246.75 	 174.49 	 302.59 	 271.19
BS223D.jpg
142.45 	 196.35 	 207.45 	 211.88 	 135.03 	 289.23 	 218.52
BS223E.jpg
142.67 	 191.18 	 212.67 	 211.99 	 125.66 	 282.18 	 209.10
BS225D.jpg
161.85 	 197.87 	 227.75 	 220.11 	 142.39 	 292.63 	 214.40
BS225E.jpg
165.64 	 204.69 	 226.01 	 222.79 	 144.44 	 297.39 	 212.19
BS226D.jpg
158.88 	 193.30 	 219.38 	 200.97 	 146.48 	 300.01 	 225.83
BS226E.jpg
157.03 	 202.92 	 221.07 	 196.18 	 141.60 	 297.15 	 218.19
BS227D.jpg
142.17 	 182.93 	 204.24 	 194.44 	 126.20 	 272.62 	 202.07
BS227E.jpg
140.09 	 177.65 	 202.41 	 197.10 	 126.72 	 284.99 	 203.74
BS228D.jpg
135.13 	 185.21 	 206.69 	 190.84 	 133.81 	 257.26 	 196.71
BS228E.jpg
127.00 	 183.18 	 200.49 	 202.95 	 113.37 	 248.25 	 189.89
BS229D.jpg
135.81 	 182.58 	 207.14 	 209.64 	 145.28 	 295.85 	 220.51
BS229E.jpg
128.90 	 188.01 	 206.63 	 207.08 	 144.35 	 280.40 	 214.97
BS231D.jpg
144.02 	 185.76 	 203.46 	 216.81 	 147.43 	 296.57 	 233.93
BS231E.jpg
144.16 	 196.88 	 211.60 	 207.96 	 149.24 	 293.55 	 222.39
BS234D.jpg
140.17 	 184.66 	 203.13 	 203.79 	 140.25 	 276.07 	 205.20
BS234E.jpg
144.32 	 184.39 	 199.69 	 205.17 	 141.12 	 271.14 	 199.86
BS235D.jpg
134.61 	 184.96 	 196.90 	 184.31 	 130.63 	 242.67 	 205.18
BS235E.jpg
140.15 	 181.12 	 193.24 	 176.96 	 122.29 	 243.90 	 205.54
BS240D.jpg
142.74 	 192.47 	 212.51 	 201.74 	 138.56 	 263.65 	 217.33
BS240E.jpg
133.50 	 198.88 	 209.89 	 201.12 	 127.33 	 270.94 	 219.79
BS243D.jpg
130.06 	 175.89 	 204.93 	 209.52 	 147.12 	 274.73 	 221.92
BS243E.jpg
141.36 	 176.87 	 205.15 	 204.83 	 147.98 	 294.02 	 225.14
BS244D.jpg
138.03 	 179.16 	 209.88 	 202.04 	 152.78 	 301.01 	 221.92
BS244E.jpg
136.65 	 179.50 	 207.37 	 208.12 	 151.77 	 305.61 	 234.72
BS246D.jpg
125.37 	 209.62 	 233.62 	 214.14 	 148.07 	 286.56 	 199.74
BS246E.jpg
142.40 	 213.44 	 236.73 	 217.84 	 163.89 	 262.40 	 210.32
BS248D.jpg
134.85 	 184.31 	 206.11 	 201.19 	 138.39 	 296.77 	 223.49
BS248E.jpg
148.32 	 188.85 	 215.34 	 198.83 	 141.91 	 280.28 	 219.27
BS249D.jpg
